0 0 0 0 0 0 0 0 0 0 0 0 0 0 0 0 0 0 0 0 0 0 0 0 0 0 0 0 0 0 0 0 0 0 0 0 0 0 0 0
0 0 0 0 0 0 0 0 0 0 0 0 0 0 0 0 0 0 0 0 0 0 0 0 0 0 0 0 0 0 0 0 0 0 0 0 0 0 0 0
0 0 10 10 10 0 0 0 10 10 10 10 10 0 0 10 10 10 0 0 0 10 10 10 10 10 10 10 0 0 10 10 10 10 10 0 0 10 10 10
0 0 10 0 0 0 0 10 20 0 0 0 20 0 20 20 0 0 0 20 0 0 20 0 0 0 0 0 20 20 0 0 20 0 0 20 20 0 0 20
0 0 10 0 0 0 20 0 30 0 0 0 30 0 0 30 0 0 0 30 0 0 30 0 0 0 0 0 30 30 0 0 30 0 0 30 0 0 30
0 0 10 10 10 0 0 0 40 40 40 40 40 0 0 40 40 0 0 0 40 40 0 0 40 40 40 40 40 0 0 40 40 40 40 40 40 0 40 40
0 0 10 0 0 0 0 0 50 0 0 0 0 0 0 50 0 0 0 0 50 0 0 0 50 0 0 0 0 0 50 50 0 0 0 0 50 0 0 0
0 0 10 0 0 0 0 0 60 0 0 0 0 0 0 60 0 0 0 0 60 0 0 0 60 0 0 0 0 0 60 60 0 0 0 0 60 0 0 0
0 0 10 10 10 0 0 0 70 70 70 70 0 0 0 70 70 70 0 0 70 70 70 70 70 0 0 0 70 0 0 70 70 70 70 70 70 0 70 70
0 0 0 0 0 0 0 0 0 0 0 0 0 0 0 0 0 0 0 0 0 0 0 0 0 0 0 0 0 0 0 0 0 0 0 0 0 0 0 0
0 0 0 0 0 0 0 0 0 0 0 0 0 0 0 0 0 0 0 0 0 0 0 0 0 0 0 0 0 0 0 0 0 0 0 0 0 0 0 0
